%YAML:1.0
---
Time: "Mon Oct 24 15:27:46 2022\n"
iToF2base_link_yaw: !!opencv-matrix
   rows: 1
   cols: 1
   dt: d
   data: [ 2.7824910723509544e+00 ]
iToF2base_link_pitch: !!opencv-matrix
   rows: 1
   cols: 1
   dt: d
   data: [ -1.5656816329954470e+00 ]
iToF2base_link_roll: !!opencv-matrix
   rows: 1
   cols: 1
   dt: d
   data: [ -3.5910158123883906e-01 ]
the height of the sensor: 1.4824587106704712e-01
