%YAML:1.0
---
Time: "Mon Oct 24 15:27:46 2022\n"
iToF2base_link_yaw: !!opencv-matrix
   rows: 1
   cols: 1
   dt: d
   data: [ 2.7687829351733346e+00 ]
iToF2base_link_pitch: !!opencv-matrix
   rows: 1
   cols: 1
   dt: d
   data: [ -1.5931505608021717e+00 ]
iToF2base_link_roll: !!opencv-matrix
   rows: 1
   cols: 1
   dt: d
   data: [ -3.7280971841645832e-01 ]
the height of the sensor: 1.5303999185562134e-01
