%YAML:1.0
---
Time: "Mon Aug  8 17:16:18 2022\n"
iToF2base_link_yaw: !!opencv-matrix
   rows: 1
   cols: 1
   dt: d
   data: [ 3.2458196240798065e-01 ]
iToF2base_link_pitch: !!opencv-matrix
   rows: 1
   cols: 1
   dt: d
   data: [ -1.9170787244337961e+00 ]
iToF2base_link_roll: !!opencv-matrix
   rows: 1
   cols: 1
   dt: d
   data: [ -2.8170106911818129e+00 ]
the height of the sensor: 2.2384145855903625e-01
