%YAML:1.0
---
Time: "Mon Aug  8 17:16:18 2022\n"
iToF2base_link_yaw: !!opencv-matrix
   rows: 1
   cols: 1
   dt: d
   data: [ 2.7645773180087434e+00 ]
iToF2base_link_pitch: !!opencv-matrix
   rows: 1
   cols: 1
   dt: d
   data: [ -1.2905550261973635e+00 ]
iToF2base_link_roll: !!opencv-matrix
   rows: 1
   cols: 1
   dt: d
   data: [ -3.7701533558105016e-01 ]
the height of the sensor: 2.0925948023796082e-01
