%YAML:1.0
---
Time: "Fri Aug 19 11:36:44 2022\n"
iToF2base_link_yaw: !!opencv-matrix
   rows: 1
   cols: 1
   dt: d
   data: [ 1.5852750293934399e+00 ]
iToF2base_link_pitch: !!opencv-matrix
   rows: 1
   cols: 1
   dt: d
   data: [ -3.0774971984875114e-03 ]
iToF2base_link_roll: !!opencv-matrix
   rows: 1
   cols: 1
   dt: d
   data: [ 1.9896624776873957e+00 ]
the height of the sensor: 2.6477554440498352e-01
