%YAML:1.0
---
Time: "Thu Aug 18 10:51:53 2022\n"
iToF2base_link_yaw: !!opencv-matrix
   rows: 1
   cols: 1
   dt: d
   data: [ 2.8210339104635795e+00 ]
iToF2base_link_pitch: !!opencv-matrix
   rows: 1
   cols: 1
   dt: d
   data: [ -1.6204521516832149e+00 ]
iToF2base_link_roll: !!opencv-matrix
   rows: 1
   cols: 1
   dt: d
   data: [ -3.2055874312621313e-01 ]
the height of the sensor: 3.3415108919143677e-01
