%YAML:1.0
---
Time: "Thu Aug 18 10:51:53 2022\n"
iToF2base_link_yaw: !!opencv-matrix
   rows: 1
   cols: 1
   dt: d
   data: [ 1.9438249984932066e-01 ]
iToF2base_link_pitch: !!opencv-matrix
   rows: 1
   cols: 1
   dt: d
   data: [ -1.5840594204197278e+00 ]
iToF2base_link_roll: !!opencv-matrix
   rows: 1
   cols: 1
   dt: d
   data: [ -2.9472101537404725e+00 ]
the height of the sensor: 3.4201020002365112e-01
